20200530
20200531
20200601
20200602
20200603
20200604
20200605
20200606
20200607
20200608
20200609
20200610
20200611
20200612
20200613
20200614
20200615
20200616
20200617
20200618
20200619
20200620
20200621
20200622
20200623
20200624
20200625
20200626
20200627
20200628
20200629
20200630
20200701
20200702
20200703
20200704
20200705
20200706
20200707
20200708
20200709
20200710
20200711
20200712
20200713
20200714
20200715
20200716
20200717
20200718
20200719
20200720
20200721
20200722
20200723
20200724
20200725
20200726
20200727
20200728
20200729
20200730
20200731
20200801
20200802
20200803
20200804
20200805
20200806
20200807
20200808
20200809
20200810
20200811
20200812
20200813
20200814
20200815
20200816
20200817
20200818
20200819
20200820
20200821
20200822
20200823
20200824
20200825
20200826
20200827
20200828
20200829
20200830
20200831
20200901
20200902
20200903
20200904
20200905
20200906
20200907
20200908
20200909
20200910
20200911
20200912
20200913
20200914
20200915
20200916
20200917
20200918
20200919
20200920
20200921
20200922
20200923
20200924
20200925
20200926
20200927
20200928
20200929
20200930
20201001
20201002
20201003
20201004
20201005
20201006
20201007
20201008
20201009
20201010
20201011
20201012
20201013
20201014
20201015
20201016
20201017
20201018
20201019
20201020
20201021
20201022
20201023
20201024
20201025
20201026
20201027
20201028
20201029
20201030
20201031
20201101
20201102
